1 0.069279 0.084137 0.076026 0.043155
2 0.498362 0.212907 0.725197 0.035972
2 0.507860 0.092054 0.332489 0.041726
1 0.504694 0.456081 0.737860 0.076250
3 0.517358 0.282688 0.788515 0.080575
1 0.183275 0.595645 0.171004 0.064742
1 0.499934 0.600685 0.177336 0.069067
1 0.822948 0.602123 0.164672 0.069048
1 0.189607 0.705714 0.151965 0.060437
1 0.506288 0.707847 0.183668 0.067679
1 0.822969 0.707877 0.171004 0.070516
1 0.195939 0.810030 0.171004 0.070496
1 0.507860 0.811478 0.161485 0.070496
1 0.819803 0.810754 0.164672 0.063294
1 0.503100 0.914355 0.145677 0.069067
1 0.821376 0.912907 0.148865 0.069067
