2 0.503630 0.098027 0.180913 0.035965
1 0.117957 0.097849 0.156010 0.057561
1 0.882308 0.097129 0.131058 0.050355
1 0.883894 0.524468 0.146635 0.056120
1 0.506370 0.929512 0.926587 0.080576
1 0.117957 0.669800 0.149760 0.064745
1 0.298894 0.669080 0.168462 0.071951
1 0.472067 0.666918 0.140385 0.061863
1 0.656130 0.664756 0.152837 0.063304
1 0.838654 0.669800 0.168462 0.061863
2 0.475168 0.823038 0.864183 0.100710
2 0.273942 0.744612 0.461731 0.038847
2 0.298870 0.530965 0.517933 0.074789
4 0.507500 0.228792 0.985000 0.457539
2 0.194760 0.600188 0.174712 0.027339
