2 0.413695 0.651084 0.465708 0.030211
1 0.490841 0.179874 0.190708 0.083411
1 0.873363 0.661158 0.151239 0.067621
1 0.877898 0.749642 0.172345 0.071958
1 0.637478 0.945326 0.653186 0.074821
1 0.164204 0.944600 0.275221 0.079137
2 0.282146 0.823021 0.214735 0.025916
1 0.888496 0.840295 0.157257 0.074821
1 0.490796 0.589926 0.087699 0.034547
2 0.460575 0.515105 0.867965 0.097832
2 0.318451 0.424463 0.577611 0.074821
1 0.085597 0.079137 0.093761 0.048926
1 0.908142 0.269063 0.105841 0.040274
2 0.362279 0.735253 0.344735 0.023011
