4 0.740173 0.286994 0.492900 0.129544
2 0.292835 0.403562 0.527403 0.040298
2 0.171948 0.098522 0.254286 0.031647
3 0.503160 0.169038 0.954372 0.080575
1 0.117013 0.171181 0.087879 0.041726
1 0.900281 0.103562 0.147576 0.079147
1 0.150000 0.447440 0.266840 0.038849
1 0.391710 0.449603 0.166364 0.031667
1 0.644416 0.455357 0.182078 0.040278
1 0.504719 0.551736 0.957489 0.143948
1 0.496883 0.687004 0.960606 0.138294
1 0.506299 0.822232 0.973203 0.138075
1 0.132706 0.926587 0.188355 0.073373
1 0.289675 0.930188 0.125584 0.074821
1 0.503160 0.922986 0.182078 0.097837
1 0.705628 0.928016 0.185281 0.087778
1 0.895563 0.933056 0.194675 0.083452
4 0.259848 0.284861 0.480303 0.128056
