1 0.897879 0.089970 0.165368 0.082016
1 0.125519 0.930978 0.112338 0.066188
1 0.301861 0.934571 0.140433 0.073373
1 0.503160 0.920898 0.168571 0.092096
1 0.695022 0.933124 0.177922 0.079142
2 0.244113 0.219461 0.330823 0.061876
4 0.500000 0.819471 0.942424 0.151078
2 0.354913 0.638164 0.390087 0.076248
2 0.813636 0.204351 0.221558 0.028782
2 0.219156 0.110110 0.393203 0.073393
1 0.888506 0.934571 0.184113 0.073373
2 0.223831 0.546088 0.383853 0.038842
4 0.384545 0.397166 0.699048 0.207186
4 0.860823 0.398603 0.278355 0.201437
